020101003801202206
020101012701202206
020101012709202206
020101013501202206
020101013509202206
020101014301202206
020101014307202206
020101014309202206
020101016001202206
020101016009202206
020101020801202206
020101020809202206
020101024001202206
020101024007202206
020101024009202206
020101025901202206
020101026701202206
020101026707202206
020101026709202206
020101027503202206
020101027507202206
020101027509202206
020101030501202206
020101030507202206
020101030509202206
020101031301202206
020101031307202206
020101031309202206
020101032101202206
020101032107202206
020101032109202206
020101033001202206
020101033007202206
020101033009202206
020101040201202206
020101040207202206
020101040209202206
020101053401202206
020101053409202206
020101055001202206
020101055009202206
020904003301202206
020904003307202206
020904003309202206
020904005001202206
020904005007202206
020904005009202206
021105009101202206
021105010503202206
021105010507202206
021105010509202206
021105014801202206
030106001003202206
030106001007202206
030106007001202206
030106007003202206
030106007007202206
030106007009202206
030106008803202206
030109001703202206
030109001709202206
030109001713202206
030109002503202206
030109002509202206
030109002513202206
030301001003202206
030301001007202206
030301002903202206
030301002907202206
030301003703202206
030301003707202206
030301004503202206
030301004507202206
030301005303202206
030301005307202206
030301006103202206
030301006107202206
030301007003202206
030301007007202206
030301008803202206
030301008807202206
030301009603202206
030301009607202206
030301010003202206
030301010007202206
030301011803202206
030301011807202206
030301012603202206
030301012607202206
030301013403202206
030301013407202206
030301014203202206
030301014207202206
030301015003202206
030301015007202206
030301016903202206
030301016907202206
030301017703202206
030301017707202206
030301018503202206
030301018507202206
030301019303202206
030301019307202206
030301020703202206
030301020707202206
030301021503202206
030301021506202206
030301021507202206
030302003203202206
030302003207202206
030302004003202206
030302004007202206
030302005903202206
030302005907202206
030302006703202206
030302006707202206
030302007503202206
030302007507202206
030302008303202206
030302008307202206
030303001107202206
030303001111202206
030303002003202206
030303002007202206
030303003803202206
030303003807202206
030303004603202206
030303004607202206
030303005403202206
030303005407202206
030303006203202206
030303006207202206
030304001703202206
030304001707202206
030304002503202206
030304002507202206
030304003303202206
030304003307202206
030304004103202206
030304004107202206
030304005003202206
030304005007202206
030304006803202206
030304006807202206
030304007603202206
030304007607202206
030304008401202206
030304008403202206
030304008407202206
030304009201202206
030304009203202206
030304009207202206
030304010603202206
030304010607202206
030304011401202206
030304011403202206
030304011407202206
030304012201202206
030304012203202206
030304012207202206
030304013003202206
030304013007202206
030304014903202206
030304014907202206
030304015703202206
030304015707202206
030304016503202206
030304016507202206
030304017303202206
030304017307202206
030304018103202206
030304019003202206
030304019007202206
030304020303202206
030304020307202206
030304021103202206
030304021107202206
030304022003202206
030304022007202206
030304023803202206
030304023807202206
030304024603202206
030304024607202206
030304025403202206
030304025407202206
030304026203202206
030304026207202206
030304027003202206
030304027007202206
030304028903202206
030304029703202206
030304029707202206
030304030003202206
030305013603202206
030305013607202206
030305014403202206
030305014407202206
030306001803202206
030306001807202206
030306002603202206
030306002607202206
030306003403202206
030306003407202206
030306004203202206
030306004207202206
030306005003202206
030306005007202206
030306006903202206
030306006907202206
030306007703202206
030306007707202206
030306008503202206
030306008507202206
030306009303202206
030306009307202206
030306010703202206
030306010707202206
030306011503202206
030306011507202206
030306012303202206
030306012307202206
030306013103202206
030306013107202206
030306014003202206
030306014007202206
030306015803202206
030306015807202206
030306016603202206
030306016607202206
030306017403202206
030306017407202206
030306018203202206
030306018207202206
030306019003202206
030306019007202206
030306020403202206
030306020407202206
030306021203202206
030306021207202206
030306022001202206
030306022003202206
030306022007202206
030306023903202206
030306023907202206
030306024703202206
030306024707202206
030306025503202206
030306025507202206
030306026303202206
030306026307202206
030306027103202206
030306027107202206
030306028003202206
030306028007202206
030306029803202206
030306029807202206
030306030103202206
030306030107202206
030307006403202206
030307006407202206
030307007203202206
030307007207202206
030307008003202206
030307008007202206
030307009903202206
030307009907202206
030307010203202206
030307010207202206
030307011003202206
030307011007202206
030307012903202206
030307012907202206
030307013701202206
030308004303202206
030308004307202206
030308005103202206
030308005107202206
030308006003202206
030308006007202206
030308007803202206
030308007807202206
030308008603202206
030308008607202206
030308009403202206
030308009407202206
030309013803202206
030309013807202206
030309013809202206
030309019703202206
030309019707202206
030309019709202206
030309023503202206
030309023507202206
030309023509202206
030309031603202206
030309031607202206
030310001002202206
030310001003202206
030310001007202206
030310002802202206
030310002803202206
030310002807202206
030310003602202206
030310003603202206
030310003607202206
030310004402202206
030310004403202206
030310004407202206
030310005202202206
030310005203202206
030310005207202206
030311001503202206
030311001507202206
030311002303202206
030311002307202206
030311003103202206
030311003107202206
030311004003202206
030311004007202206
030311005803202206
030311005807202206
030311006603202206
030311006607202206
030311007403202206
030311007407202206
030311008203202206
030311008207202206
030311009003202206
030311009007202206
030311010403202206
030311010407202206
030311011203202206
030311011207202206
030313001604202206
030313002404202206
030313003204202206
030313004004202206
030313005904202206
030313006704202206
030313007504202206
030313008304202206
030314002003202206
030314002007202206
030314003803202206
030314003807202206
030314004603202206
030314004607202206
030314005403202206
030314005407202206
030314006203202206
030314006207202206
030314007003202206
030314007007202206
030314008903202206
030314008907202206
030314009703202206
030314009707202206
030314010003202206
030314010007202206
030314011903202206
030314011907202206
030314012703202206
030314012707202206
030314013503202206
030314013507202206
030314014303202206
030314014307202206
030314015103202206
030314015107202206
030315001703202206
030315001707202206
030315002503202206
030315002507202206
030315003303202206
030315003307202206
030315004103202206
030315004107202206
030315005003202206
030315005007202206
030315006803202206
030315006807202206
030316001207202206
030316002007202206
030316003907202206
030316004707202206
030316005507202206
030316006307202206
030316007107202206
030317009305202206
030317009307202206
030317010707202206
030317010714202206
030317013102202206
030317013103202206
030317013105202206
030317013107202206
030317013187202206
030317014002202206
030317014003202206
030317014005202206
030317014007202206
030317014087202206
030317015802202206
030317015803202206
030317015805202206
030317015807202206
030317015887202206
030317016602202206
030317016603202206
030317016605202206
030317016607202206
030317016687202206
030317017402202206
030317017403202206
030317017405202206
030317017407202206
030317017487202206
030317018202202206
030317018203202206
030317018205202206
030317018207202206
030317018287202206
030317019005202206
030317019007202206
030317020405202206
030317020407202206
030318001303202206
030318001307202206
030318003003202206
030318003007202206
030318004803202206
030318004807202206
030318005603202206
030318005607202206
030318006403202206
030318006407202206
030318007207202206
030318007210202206
030319001903202206
030319001907202206
030319001908202206
030401011103202206
030401011107202206
030401035903202206
030401035907202206
030401049903202206
030401049907202206
030401059603202206
030401059607202206
030408002003202206
030408002007202206
030408003903202206
030408003907202206
030408003909202206
030408004703202206
030408006303202206
030409001803202206
030409001807202206
030409002603202206
030409002607202206
030409003403202206
030409003407202206
030409004203202206
030409004207202206
030410001303202206
030410001307202206
030410001309202206
030410002103202206
030410002107202206
030501017403202206
030501017407202206
030502001303202206
030502001307202206
030502002103202206
030502002107202206
030502003003202206
030502003007202206
030502004803202206
030502004807202206
030502005603202206
030502005607202206
030701005801202206
030701005803202206
030701005807202206
030701005809202206
030702003701202206
030702003703202206
030702003707202206
030702003709202206
030702004501202206
030702004503202206
030702004507202206
030702004509202206
030702005301202206
030702005303202206
030702005307202206
030702005309202206
030702006101202206
030702006103202206
030702006107202206
030702006109202206
030702008801202206
030702008803202206
030702008807202206
030702008809202206
030702009601202206
030702009603202206
030702009607202206
030702009609202206
030702010001202206
030702010003202206
030702010007202206
030702010009202206
030702011801202206
030702011803202206
030702011807202206
030702011809202206
030703003201202206
030703003203202206
030703003207202206
030703003209202206
030704001101202206
030704001103202206
030704001107202206
030704001109202206
030704006201202206
030704006203202206
030704006207202206
030704006209202206
030704008901202206
030704008903202206
030704008907202206
030704008909202206
030801001901202206
030801001903202206
030801001907202206
030801002703202206
030801002707202206
030801003501202206
030801003503202206
030801003507202206
030801004301202206
030801004303202206
030801004307202206
030802002203202206
030802002207202206
030802003003202206
030802003007202206
030803001003202206
030803001007202206
030803002803202206
030803002807202206
030803003601202206
030803003603202206
030803003607202206
030803003683202206
030804001501202206
030804001503202206
030804001507202206
030804002303202206
030804002307202206
030901003901202206
030901003903202206
030901003907202206
031001003901202206
031001003902202206
031001003903202206
031001004701202206
031001004702202206
031001004703202206
031001005502202206
040102001001202206
040102001007202206
040102001009202206
040102002901202206
040102002907202206
040102002909202206
040102003701202206
040102003707202206
040102003709202206
040102004501202206
040102004507202206
040102004509202206
040102005301202206
040102005307202206
040102005309202206
040102006101202206
040102006107202206
040102006109202206
040102007001202206
040102007007202206
040102007009202206
040102008801202206
040102008807202206
040102008809202206
040102009601202206
040102009607202206
040102009609202206
040102010001202206
040102010007202206
040102010009202206
040102011801202206
040102011807202206
040102011809202206
040102012601202206
040102012607202206
040102012609202206
040102013401202206
040102013409202206
040102014201202206
040102014207202206
040102014209202206
040102015001202206
040102015007202206
040102015009202206
040102016901202206
040102016907202206
040102016909202206
040201001901202206
040201001907202206
040201002701202206
040201002707202206
040201003501202206
040201003507202206
040201003509202206
040201004301202206
040201004307202206
040201004309202206
040201005101202206
040201005107202206
040202001401202206
040202001407202206
040202002201202206
040202002207202206
040301001201202206
040301001207202206
040301002001202206
040301002007202206
040301003901202206
040301003907202206
040301004701202206
040301004707202206
040301005501202206
040301005507202206
040301006301202206
040301006307202206
040301007101202206
040301007107202206
040301008001202206
040301008007202206
040301008009202206
040301009801202206
040301009807202206
040301010101202206
040301010107202206
040301011001202206
040301011007202206
040301012801202206
040301012807202206
040301013601202206
040301013607202206
040301014401202206
040301014407202206
040301015201202206
040301015207202206
040301016001202206
040301016007202206
040301017901202206
040301017907202206
040301018701202206
040301018707202206
040301019501202206
040301019507202206
040301020901202206
040301020907202206
040301021701202206
040301021707202206
040301022501202206
040301022507202206
040301023301202206
040301023307202206
040301024101202206
040301024107202206
040301025001202206
040301025007202206
040301026801202206
040301026807202206
040301027601202206
040301027607202206
040301028401202206
040301028407202206
040301029201202206
040301029207202206
040301030601202206
040301030607202206
040301031401202206
040301031407202206
040301032201202206
040301032207202206
040301033001202206
040301033007202206
040301034901202206
040301034907202206
040301035701202206
040301035707202206
040301036501202206
040301036507202206
040301039001202206
040301039003202206
040301039007202206
040302001801202206
040302001807202206
040302002601202206
040302002607202206
040302003401202206
040302003407202206
040302004201202206
040302004207202206
040302005001202206
040302005007202206
040302006901202206
040302006907202206
040302007701202206
040302007707202206
040302007709202206
040302008501202206
040302008507202206
040302008509202206
040302009301202206
040302009307202206
040302009309202206
040302010701202206
040302010707202206
040302011501202206
040302011507202206
040302012301202206
040302012307202206
040302012309202206
040302013101202206
040302013107202206
040303001301202206
040303001307202206
040303002101202206
040303002107202206
040303003001202206
040303003007202206
040303004801202206
040303004807202206
040303005601202206
040303005607202206
040303006401202206
040303006407202206
040303008001202206
040303008007202206
040303009901202206
040303009907202206
040303010201202206
040303010207202206
040303011001202206
040303011007202206
040303012901202206
040303012907202206
040303013701202206
040303013707202206
040303014501202206
040303014507202206
040303015301202206
040303015307202206
040303016101202206
040303016107202206
040304001901202206
040304001907202206
040304002701202206
040304002707202206
040304005101202206
040304005107202206
040304006001202206
040304006007202206
040304007801202206
040304007807202206
040304008601202206
040304008607202206
040304009401202206
040304009407202206
040304010801202206
040304010807202206
040304011601202206
040304011607202206
040304012401202206
040304012407202206
040305003001202206
040305003003202206
040305003007202206
040305004901202206
040305004907202206
040305005701202206
040305006501202206
040305006507202206
040305007301202206
040305007307202206
040305009001202206
040305009007202206
040305009009202206
040305010301202206
040305010307202206
040305010309202206
040305011101202206
040305011107202206
040305012001202206
040305012007202206
040305013801202206
040305013807202206
040305014601202206
040305014607202206
040305015401202206
040305015407202206
040305016201202206
040306001001202206
040306001007202206
040306002801202206
040306002807202206
040306003601202206
040306003607202206
040306004401202206
040306004407202206
040306005201202206
040306005207202206
040306006001202206
040306006007202206
040306007901202206
040306007907202206
040306008701202206
040306008707202206
040306009501202206
040306009507202206
040307001501202206
040307004001202206
040307004007202206
040307005801202206
040307005807202206
040307008201202206
040307009001202206
040307010401202206
040307011201202206
040307012001202206
040307013901202206
040307013907202206
040307014701202206
040307014707202206
040307015501202206
040307015507202206
040307016301202206
040307016307202206
040308001001202206
040308002901202206
040308003701202206
040308004501202206
040308005301202206
040308005307202206
040308006101202206
040308007001202206
040308007007202206
040308008801202206
040308008807202206
040308009601202206
040308009607202206
040308010001202206
040401001601202206
040401001605202206
040401001609202206
040401002401202206
040401002407202206
040401002409202206
040401003201202206
040401003207202206
040401003209202206
040401004001202206
040401004007202206
040401004009202206
040401005901202206
040401005907202206
040401005909202206
040401006701202206
040401006707202206
040401006709202206
040401008301202206
040401008307202206
040401008309202206
040401010501202206
040401010507202206
040401010509202206
040401011301202206
040401011307202206
040401011309202206
040401012101202206
040401012107202206
040401012109202206
040401013001202206
040401013007202206
040401013009202206
040401014801202206
040401014807202206
040401014809202206
040401016401202206
040401016407202206
040401016409202206
040401017201202206
040401017207202206
040401018001202206
040401018007202206
040401019901202206
040401019907202206
040401020201202206
040401020207202206
040401021001202206
040401021007202206
040401021009202206
040401022901202206
040401022907202206
040401022909202206
040401023701202206
040401023707202206
040401023709202206
040401028801202206
040401028807202206
040401028809202206
040401031801202206
040401031807202206
040401031809202206
040401032601202206
040401032607202206
040401032609202206
040401033401202206
040401033407202206
040401033409202206
040401035001202206
040401035007202206
040401035009202206
040401037701202206
040401037707202206
040401037709202206
040401038501202206
040401038507202206
040401038509202206
040401040701202206
040401040707202206
040401040709202206
040401041501202206
040401041507202206
040401041509202206
040401043101202206
040401043107202206
040401045801202206
040401045807202206
040401046601202206
040401046607202206
040401046609202206
040401047401202206
040401047407202206
040401047409202206
040401048201202206
040401048207202206
040401048209202206
040401049001202206
040401049007202206
040401049009202206
040401050401202206
040401050407202206
040401050409202206
040401051201202206
040401051207202206
040401051209202206
040401052001202206
040401052007202206
040401052009202206
040401053901202206
040401053907202206
040401053909202206
040401054701202206
040401054707202206
040401055501202206
040401055507202206
040401055509202206
040401056301202206
040401056309202206
040401057101202206
040401057107202206
040401058001202206
040401058007202206
040401059801202206
040401059807202206
040401060101202206
040401060107202206
040401061001202206
040401061007202206
040401062801202206
040401062807202206
040401063601202206
040401063607202206
040401064401202206
040401064407202206
040401065201202206
040401065207202206
040402001101202206
040402001107202206
040402001109202206
040402003801202206
040402003807202206
040402003809202206
040402004601202206
040402004607202206
040402004609202206
040402006201202206
040402006207202206
040402007001202206
040402007007202206
040402007009202206
040402008901202206
040402008907202206
040402008909202206
040402010001202206
040402010003202206
040402010007202206
040402010009202206
040402011901202206
040402011907202206
040402011909202206
040402013501202206
040402013507202206
040402014301202206
040402014307202206
040402014309202206
040402017801202206
040402017807202206
040402020801202206
040402020807202206
040402020809202206
040402022401202206
040402022407202206
040402023201202206
040402023207202206
040402023209202206
040402024001202206
040402024007202206
040402024009202206
040402027501202206
040402027507202206
040402029101202206
040402029107202206
040402031301202206
040402031307202206
040402031309202206
040402032101202206
040402032107202206
040402032109202206
040402034801202206
040402034807202206
040402034809202206
040402035601202206
040402035607202206
040402035609202206
040402038001202206
040402038007202206
040402039901202206
040402039907202206
040402039909202206
040402042901202206
040402042907202206
040402042909202206
040402045301202206
040402045307202206
040402045309202206
040402046101202206
040402046107202206
040402046109202206
040402047001202206
040402047007202206
040402047009202206
040402048801202206
040402048807202206
040402048809202206
040402049601202206
040402049607202206
040402050001202206
040402050007202206
040402051801202206
040402051807202206
040402051809202206
040402052601202206
040402052607202206
040402053401202206
040402053407202206
040402054201202206
040402054207202206
040402054209202206
040402055001202206
040402055007202206
040402056901202206
040402056907202206
040402056909202206
040402057701202206
040402057707202206
040402057709202206
040402058501202206
040402058507202206
040402059301202206
040402059307202206
040402060701202206
040402060707202206
040402064001202206
040402064007202206
040402064009202206
040402065801202206
040402065807202206
040402065809202206
040402066601202206
040402066607202206
040402066609202206
040402069001202206
040402069007202206
040402070401202206
040402070407202206
040402071201202206
040402071207202206
040402071209202206
040402072001202206
040402072007202206
040402073901202206
040402073907202206
040402077101202206
040402077107202206
040402077109202206
040402078001202206
040402078007202206
040403001701202206
040403001707202206
040403001709202206
040403003301202206
040403003307202206
040403004101202206
040403004107202206
040403004109202206
040403005001202206
040403005007202206
040403005009202206
040403006801202206
040403006807202206
040403006809202206
040403007601202206
040403007607202206
040403007609202206
040403008401202206
040403008407202206
040403008409202206
040403010601202206
040403010607202206
040403010609202206
040403012201202206
040403012207202206
040403012209202206
040403013001202206
040403013007202206
040403013009202206
040403015701202206
040403015707202206
040403015709202206
040403016501202206
040403016507202206
040403016509202206
040403017301202206
040403017307202206
040403017309202206
040403019001202206
040403019007202206
040403019009202206
040403022001202206
040403022007202206
040403022009202206
040403024601202206
040403024607202206
040403024609202206
040403025401202206
040403025407202206
040403025409202206
040403026201202206
040403026207202206
040403026209202206
040403027001202206
040403027007202206
040403027009202206
040403028901202206
040403028907202206
040403029701202206
040403029707202206
040403030001202206
040403030007202206
040403031901202206
040403031907202206
040403031909202206
040403032701202206
040403032707202206
040501001001202206
040501001007202206
040501001009202206
040501002801202206
040501002807202206
040501002809202206
040501003601202206
040501003607202206
040501003609202206
040501007901202206
040501007907202206
040501007909202206
040501008701202206
040501008707202206
040501008709202206
040501011701202206
040501011707202206
040501011709202206
040501012501202206
040501012507202206
040501012509202206
040501013301202206
040501013307202206
040501013309202206
040501015001202206
040501015007202206
040501015009202206
040501017601202206
040501017607202206
040501017609202206
040502001501202206
040502001507202206
040502001509202206
040502002301202206
040502002307202206
040502002309202206
040503001001202206
040503001007202206
040503001009202206
040503002901202206
040503002907202206
040503002909202206
040503007001202206
040503007007202206
040503007009202206
040503009601202206
040503009607202206
040503009609202206
040503011801202206
040503011807202206
040503011809202206
040503013401202206
040503013407202206
040503013409202206
040503014201202206
040503014207202206
040503014209202206
040503016901202206
040503016907202206
040503016909202206
040503017701202206
040503017707202206
040503017709202206
040503018501202206
040503018507202206
040503019301202206
040503019307202206
040503020701202206
040503020707202206
040503020709202206
040504001601202206
040504001607202206
040504001609202206
040504002401202206
040504002407202206
040504002409202206
040504004001202206
040504004007202206
040504004009202206
040504005901202206
040504005907202206
040504005909202206
040504006701202206
040504006707202206
040504006709202206
040504007501202206
040504007507202206
040504007509202206
040504008301202206
040504008307202206
040504008309202206
040504009101202206
040504009107202206
040504009109202206
040504010501202206
040504010507202206
040504010509202206
040504014801202206
040504014807202206
040504014809202206
040504015601202206
040504015607202206
040504015609202206
040504016401202206
040504016407202206
040504016409202206
040504018001202206
040504018007202206
040504020201202206
040504020207202206
040504020209202206
040504021001202206
040504021007202206
040504021009202206
040505001101202206
040505001107202206
040505001109202206
040505004601202206
040505004607202206
040505004609202206
040505005401202206
040505005407202206
040505005409202206
040505009701202206
040505009707202206
040505009709202206
040505010001202206
040505010007202206
040505010009202206
040505011901202206
040505011907202206
040505011909202206
040505013501202206
040505013507202206
040505013509202206
040505014301202206
040505014307202206
040505014309202206
040505015101202206
040505015107202206
040505015109202206
040505018601202206
040505018607202206
040505018609202206
040505021601202206
040505021607202206
040505021609202206
040505022401202206
040505022407202206
040505022409202206
040505023201202206
040505023207202206
040505023209202206
040505031301202206
040505031307202206
040505031309202206
040505032101202206
040505032107202206
040505032109202206
040505035601202206
040505035607202206
040505035609202206
040505037201202206
040505037207202206
040505037209202206
040505038001202206
040505038007202206
040505038009202206
040505039901202206
040505039907202206
040505039909202206
040505040201202206
040505040209202206
040601001301202206
040601001307202206
040601002101202206
040601003001202206
040601004801202206
040601005601202206
040601006401202206
040601007201202206
040601007207202206
040601008001202206
040601009901202206
040601010201202206
040601010207202206
040601011001202206
040601011007202206
040601013701202206
040601013707202206
040601015301202206
040601015307202206
040601016101202206
040601017001202206
040601017007202206
040601018801202206
040601019601202206
040601019607202206
040601020001202206
040601020007202206
040601021801202206
040601021807202206
040601022601202206
040601022607202206
040601023401202206
040601024201202206
040601025001202206
040601025007202206
040601026901202206
040601026907202206
040601027701202206
040601027707202206
040601028501202206
040601028507202206
040601029301202206
040601030701202206
040601031501202206
040601032301202206
040601033101202206
040601033107202206
040601034001202206
040601035801202206
040601036601202206
040601036607202206
040601037401202206
040601037407202206
040601038201202206
040601039001202206
040601039007202206
040601040401202206
040601041201202206
040601041207202206
040601042001202206
040601042007202206
040601043901202206
040601044701202206
040601044707202206
040601045501202206
040601046301202206
040601046307202206
040601047101202206
040601047107202206
040601048001202206
040601049801202206
040601049807202206
040601050101202206
040601051001202206
040601051007202206
040601052801202206
040601052807202206
040601053601202206
040601054401202206
040601055201202206
040601056001202206
040601056007202206
040601056009202206
040601057901202206
040601058701202206
040601058709202206
040601059501202206
040601060901202206
040601061701202206
040601062501202206
040601063301202206
040601063309202206
040601064101202206
040601064107202206
040601064109202206
040601065001202206
040601065009202206
040601066801202206
040601066807202206
040601066809202206
040601067601202206
040601067607202206
040601067609202206
040601068401202206
040601068407202206
040601068409202206
040601069201202206
040601069207202206
040601070601202206
040601071401202206
040601071407202206
040601071409202206
040601073001202206
040601075701202206
040601075707202206
040601076501202206
040601076507202206
040601077301202206
040601077307202206
040601078101202206
040601078107202206
040601079001202206
040601079009202206
040601080301202206
040601080307202206
040601081101202206
040601082001202206
040601082007202206
040601083801202206
040601084601202206
040601085401202206
040601085409202206
040601086201202206
040601086209202206
040601087001202206
040601087009202206
040601088901202206
040601089701202206
040601090001202206
040601090007202206
040601091901202206
040601091907202206
040601091909202206
040601092701202206
040601093501202206
040601094301202206
040601095101202206
040601096001202206
040601096003202206
040601096007202206
040601097801202206
040601097803202206
040601097807202206
040601098601202206
040601099401202206
040601100101202206
040601100109202206
040601101001202206
040601101009202206
040601102801202206
040601102809202206
040601103601202206
040601103609202206
040601104401202206
040601104407202206
040601104409202206
040601105201202206
040601105209202206
040601107901202206
040601108701202206
040601108709202206
040601109501202206
040601109509202206
040601110901202206
040601110909202206
040601111701202206
040601111709202206
040601112501202206
040601112509202206
040601113301202206
040601113307202206
040601113309202206
040601114101202206
040601114109202206
040601115001202206
040601115007202206
040601115009202206
040601116801202206
040601116809202206
040601117601202206
040601117609202206
040601118401202206
040601118409202206
040601119201202206
040601119209202206
040601120601202206
040601121401202206
040601121407202206
040601122201202206
040601122207202206
040601123001202206
040601124901202206
040601125701202206
040601126501202206
040601126507202206
040601127301202206
040601127307202206
040601128101202206
040601128107202206
040601129001202206
040601129007202206
040601130301202206
040601130307202206
040601131101202206
040601131107202206
040601132001202206
040601132007202206
040601133801202206
040601133807202206
040601134601202206
040601134607202206
040601135401202206
040601135407202206
040601136201202206
040601136207202206
040601137001202206
040601137007202206
040601138901202206
040601138907202206
040601139701202206
040601139707202206
040601140001202206
040601140007202206
040601141901202206
040601141907202206
040601142701202206
040601142707202206
040601143501202206
040601143507202206
040601144301202206
040601144307202206
040601145101202206
040601145107202206
040601146001202206
040601146007202206
040601147801202206
040601147807202206
040601148601202206
040601148607202206
040601149401202206
040601149407202206
040601150801202206
040601150807202206
040601151601202206
040601151607202206
040602001901202206
040602001907202206
040602002701202206
040602002707202206
040602003501202206
040602003507202206
040602004301202206
040602004307202206
040602005101202206
040602005107202206
040602007801202206
040602007807202206
040602007809202206
040602010801202206
040602011601202206
040602011607202206
040602011609202206
040602012401202206
040602012407202206
040602015901202206
040602015907202206
040602015909202206
040602016701202206
040602016707202206
040602016709202206
040602019101202206
040602019107202206
040602021301202206
040602022101202206
040602023001202206
040602024801202206
040602024807202206
040602025601202206
040602025607202206
040602026401202206
040602026407202206
040602027201202206
040602027207202206
040602028001202206
040602028007202206
040602030201202206
040602030207202206
040602031001202206
040602031007202206
040602032901202206
040602032907202206
040602033701202206
040602033707202206
040602034501202206
040602034507202206
040602035301202206
040602035307202206
040602036101202206
040602036107202206
040602037001202206
040602037007202206
040602038801202206
040602038807202206
040602039601202206
040602039607202206
040602040001202206
040602040007202206
040602041801202206
040602041807202206
040602042601202206
040602042607202206
040602043401202206
040602043407202206
040602044201202206
040602044207202206
040602045001202206
040602046901202206
040602046907202206
040602047701202206
040602047707202206
040602048501202206
040602048507202206
040602049301202206
040602049307202206
040602050701202206
040602050707202206
040602051501202206
040602051507202206
040602052301202206
040602053101202206
040602053107202206
040602054001202206
040602054007202206
040602055801202206
040602055807202206
040602056601202206
040602056607202206
040602056609202206
040602057401202206
040602057407202206
040602057409202206
040602058201202206
040602058207202206
040602059001202206
040602059007202206
040602060401202206
040602060407202206
040602060409202206
040602062001202206
040602062003202206
040602062007202206
040602062009202206
040603001401202206
040603002201202206
040603003001202206
040603004901202206
040603005701202206
040603005707202206
040603006501202206
040603007301202206
040603008101202206
040603008107202206
040603009001202206
040603009007202206
040603010301202206
040603010307202206
040603011101202206
040603011107202206
040603012001202206
040603012007202206
040603013801202206
040603013807202206
040603014601202206
040603014607202206
040603015401202206
040603015407202206
040604001001202206
040604001007202206
040604002801202206
040604002807202206
040604004401202206
040604004407202206
040604005201202206
040604005207202206
040604006001202206
040604006007202206
040604007901202206
040604007907202206
040604008701202206
040604009501202206
040604010901202206
040604010907202206
040604011701202206
040604011707202206
040604012501202206
040604012507202206
040604013301202206
040604014101202206
040604014107202206
040604015001202206
040604016801202206
040604017601202206
040604018401202206
040604019201202206
040604019207202206
040604020601202206
040604020607202206
040604020609202206
040604021401202206
040604021407202206
040604022201202206
040604022207202206
040604023001202206
040604023007202206
040604024901202206
040604024907202206
040604025701202206
040604025707202206
040604025709202206
040604026501202206
040604026507202206
040604027301202206
040604027307202206
040604027309202206
040604028101202206
040604029001202206
040604029007202206
040604029009202206
040604030301202206
040604030307202206
040604030309202206
040604031101202206
040604031107202206
040604031109202206
040604032001202206
040604032007202206
040604033801202206
040604033807202206
040605001501202206
040605001507202206
040605001509202206
040605002301202206
040605002307202206
040605002309202206
040605003101202206
040605003107202206
040605003109202206
040605004001202206
040605004007202206
040605004009202206
040605005801202206
040605005807202206
040605005809202206
040605006601202206
040605006607202206
040605006609202206
040605007401202206
040605007407202206
040605007409202206
040605008201202206
040605008207202206
040605008209202206
040605009001202206
040605009007202206
040605010401202206
040605010407202206
040605011201202206
040605012001202206
040605012007202206
040605012009202206
040605013901202206
040605013907202206
040605013909202206
040701001701202206
040701001707202206
040701003301202206
040701003307202206
040701004101202206
040701005001202206
040701005007202206
040701006801202206
040701006807202206
040701007601202206
040701008401202206
040701008407202206
040701009201202206
040701009207202206
040701010601202206
040701010607202206
040701011401202206
040701011407202206
040701012201202206
040701013001202206
040701014901202206
040701015701202206
040701015707202206
040701016501202206
040701016507202206
040701017301202206
040701018101202206
040701019001202206
040701019007202206
040701020301202206
040701020307202206
040701021101202206
040701021107202206
040701021109202206
040701022001202206
040701022007202206
040701022009202206
040701023801202206
040701023807202206
040701027001202206
040701027007202206
040701028901202206
040701029701202206
040701029707202206
040701030001202206
040701033501202206
040701033507202206
040701034301202206
040701034307202206
040701035101202206
040701035107202206
040701036001202206
040701037801202206
040701038601202206
040702001201202206
040702002001202206
040702003901202206
040702003907202206
040702004701202206
040702004707202206
040702006301202206
040702006307202206
040702007101202206
040702007107202206
040702008001202206
040702008007202206
040702009801202206
040702009807202206
040702010101202206
040702010107202206
040702011001202206
040702011007202206
040702011009202206
040702013601202206
040702013607202206
040702013609202206
040702014401202206
040702014407202206
040702014409202206
040702015201202206
040702015207202206
040702017901202206
040702017907202206
040702018701202206
040702018707202206
040702019501202206
040702019507202206
040702020901202206
040702020907202206
040702021701202206
040702021709202206
040702022501202206
040702022507202206
040702022509202206
040702023301202206
040702023307202206
040702024101202206
040702024107202206
040702025001202206
040702025007202206
040702026801202206
040702026807202206
040702026809202206
040702027601202206
040702027607202206
040702027609202206
040702028401202206
040702028407202206
040702028409202206
040702029201202206
040702029207202206
040702030601202206
040702030607202206
040702032201202206
040702032207202206
040702032209202206
040702033001202206
040702034901202206
040702035701202206
040702036501202206
040702036507202206
040702038101202206
040702038107202206
040702040301202206
040702040307202206
040702041101202206
040702041107202206
040702042001202206
040702042007202206
040702043801202206
040702043807202206
040702044601202206
040702044607202206
040702045401202206
040702045407202206
040702045409202206
040702046201202206
040702046207202206
040702047001202206
040702047007202206
040702047009202206
040703001801202206
040703001807202206
040703002601202206
040703002607202206
040703003401202206
040703003407202206
040703003409202206
040703004201202206
040703004207202206
040703005001202206
040703005007202206
040703006901202206
040703006907202206
040703007701202206
040703007707202206
040703007709202206
040703012301202206
040703012307202206
040703013101202206
040703013107202206
040703014001202206
040703014007202206
040703015801202206
040703015807202206
040703016601202206
040703016607202206
040703017401202206
040703017407202206
040703018201202206
040703018207202206
040703019001202206
040703019007202206
040703020401202206
040703021201202206
040703022001202206
040703024701202206
040703025501202206
040703025507202206
040704001301202206
040704001307202206
040704002101202206
040704002107202206
040704003001202206
040704003007202206
040704004801202206
040704004807202206
040704005601202206
040704005607202206
040704006401202206
040704006407202206
040704006409202206
040704007201202206
040704007207202206
040704007209202206
040704008001202206
040704008007202206
040704008009202206
040704009901202206
040704009907202206
040704009909202206
040704010201202206
040704010207202206
040704010209202206
040704011001202206
040704011007202206
040704011009202206
040704012901202206
040704012907202206
040704012909202206
040704013701202206
040704013707202206
040704013709202206
040704014501202206
040704014507202206
040704014509202206
040704015301202206
040704015307202206
040704015309202206
040704016101202206
040704016107202206
040704017001202206
040704017007202206
040704017009202206
040704018801202206
040704018807202206
040704020001202206
040704020007202206
040704022601202206
040704022607202206
040704022609202206
040704023401202206
040704023407202206
040704024201202206
040704024207202206
040704025001202206
040704025007202206
040704026901202206
040704026907202206
040801001001202206
040801001007202206
040801002901202206
040801002907202206
040801003701202206
040801003707202206
040801004501202206
040801005301202206
040801006101202206
040801007001202206
040801007007202206
040801008801202206
040801008807202206
040801009601202206
040801009607202206
040801009609202206
040801010001202206
040801010007202206
040801010009202206
040801011801202206
040801011807202206
040801011809202206
040801013401202206
040801013407202206
040801013409202206
040801014201202206
040801014207202206
040801014209202206
040801015001202206
040801015007202206
040801015009202206
040801016901202206
040801016907202206
040801017701202206
040801017707202206
040801018501202206
040801018507202206
040801018509202206
040801019301202206
040801019307202206
040801020701202206
040801020707202206
040801020709202206
040801021501202206
040801021509202206
040801022301202206
040801022307202206
040801022309202206
040801023101202206
040801023109202206
040802001601202206
040802001607202206
040802002401202206
040802002407202206
040802003201202206
040802003207202206
040802004001202206
040802005901202206
040802006701202206
040802007501202206
040802008301202206
040802009101202206
040802010501202206
040802010507202206
040802010509202206
040802011301202206
040802011307202206
040802012101202206
040802012107202206
040802012109202206
040802013001202206
040802013007202206
040802014801202206
040802014807202206
040802014809202206
040802015601202206
040802015607202206
040802016401202206
040802016407202206
040802016409202206
040802017201202206
040802017207202206
040802017209202206
040802018001202206
040802018007202206
040802018009202206
040802019901202206
040802019907202206
040802019909202206
040802020201202206
040802020207202206
040802020209202206
040802021001202206
040802021007202206
040802022901202206
040802022907202206
040802022909202206
040802024501202206
040802024507202206
040802024509202206
040802025301202206
040802025307202206
040802026101202206
040802026107202206
040802027001202206
040802027007202206
040802028801202206
040802028807202206
040802029601202206
040802029607202206
040802029609202206
040802030001202206
040802030007202206
040802030009202206
040802031801202206
040802031807202206
040802031809202206
040802032601202206
040802032607202206
040802032609202206
040802033401202206
040802033407202206
040802034201202206
040802034207202206
040802034209202206
040802035001202206
040802035007202206
040802036901202206
040802036907202206
040802037701202206
040802037707202206
040802037709202206
040802038501202206
040802038507202206
040802039301202206
040802039307202206
040802040701202206
040802040707202206
040802041501202206
040802041507202206
040802042301202206
040802042307202206
040802043101202206
040802043107202206
040802044001202206
040802044007202206
040802044009202206
040802045801202206
040802045807202206
040802046601202206
040802046607202206
040802047401202206
040802047407202206
040802047409202206
040802048201202206
040802048207202206
040802048209202206
040802049001202206
040802049007202206
040802049009202206
040802050401202206
040802050407202206
040802050409202206
040802051201202206
040802051207202206
040802051209202206
040802052001202206
040802052007202206
040802052009202206
040802053901202206
040802053907202206
040802053909202206
040802054701202206
040802054707202206
040802055501202206
040802055507202206
040802055509202206
040802056301202206
040802056307202206
040802057101202206
040802057107202206
040802058001202206
040802058007202206
040802059801202206
040802059807202206
040802059809202206
040802060101202206
040802060107202206
040802060109202206
040802061001202206
040802061007202206
040802061009202206
040802062801202206
040802062807202206
040802062809202206
040802063601202206
040802063607202206
040802063609202206
040802064401202206
040802064407202206
040802064409202206
040803001101202206
040803001107202206
040803002001202206
040803002007202206
040803003801202206
040803003807202206
040803004601202206
040803005401202206
040803005407202206
040803006201202206
040803006207202206
040803007001202206
040803007007202206
040803008901202206
040803008907202206
040803009701202206
040803009707202206
040803010001202206
040803010007202206
040803011901202206
040803011907202206
040803012701202206
040803012707202206
040803013501202206
040803014301202206
040803015101202206
040803016001202206
040803017801202206
040803017807202206
040803018601202206
040803019401202206
040803020801202206
040803021601202206
040803022401202206
040803023201202206
040803023207202206
040803024001202206
040803024007202206
040803025901202206
040803025907202206
040803026701202206
040803026707202206
040803027501202206
040803027507202206
040803028301202206
040803028307202206
040803029101202206
040803029107202206
040803030501202206
040803030507202206
040803031301202206
040803031307202206
040803032101202206
040803032107202206
040803033001202206
040803033007202206
040803034801202206
040803034807202206
040803035601202206
040803036401202206
040803036407202206
040803037201202206
040803037207202206
040803038001202206
040803038007202206
040803039901202206
040803039907202206
040803040201202206
040803040207202206
040803041001202206
040803041007202206
040803042901202206
040803042907202206
040803043701202206
040803043707202206
040803044501202206
040803044507202206
040803045301202206
040803045307202206
040803046101202206
040803046107202206
040803047001202206
040803047007202206
040803050001202206
040803050007202206
040803051801202206
040803051807202206
040803052601202206
040803052607202206
040803053401202206
040803053407202206
040803054201202206
040803054207202206
040803055001202206
040803055007202206
040803056901202206
040803056907202206
040803057701202206
040803057707202206
040803058501202206
040803058507202206
040803059301202206
040803059307202206
040803060701202206
040803060707202206
040803061501202206
040803061507202206
040803062301202206
040803062307202206
040803063101202206
040803063107202206
040803064001202206
040803064007202206
040803065801202206
040803065807202206
040803066601202206
040803066607202206
040803067401202206
040803067407202206
040803068201202206
040803068207202206
040803069001202206
040803069007202206
040803070401202206
040803071201202206
040803071207202206
040803072001202206
040803072007202206
040803073901202206
040803073907202206
040803074701202206
040803074707202206
040803075501202206
040803075507202206
040803075509202206
040803076301202206
040803076307202206
040803077101202206
040803077107202206
040803078001202206
040803079801202206
040803080101202206
040803080107202206
040803081001202206
040803081007202206
040803082801202206
040803082807202206
040803083601202206
040803083607202206
040803084401202206
040803084407202206
040803085201202206
040803085207202206
040803086001202206
040803086007202206
040803087901202206
040803087907202206
040803088701202206
040803088707202206
040803089501202206
040803089507202206
040803090901202206
040803090907202206
040803091701202206
040803091707202206
040804001701202206
040804001707202206
040804002501202206
040804002507202206
040804003301202206
040804003307202206
040804004101202206
040804004107202206
040804005001202206
040804006801202206
040804007601202206
040804008401202206
040804009201202206
040804010601202206
040804010607202206
040804011401202206
040804011407202206
040804012201202206
040804012207202206
040804013001202206
040804013007202206
040804014901202206
040804014907202206
040804015701202206
040804015707202206
040804016501202206
040804016507202206
040804017301202206
040804017307202206
040804018101202206
040804018107202206
040804018109202206
040804019001202206
040804019007202206
040804019009202206
040804020301202206
040804020307202206
040804022001202206
040804022007202206
040804023801202206
040804023807202206
040804024601202206
040804024607202206
040804025401202206
040804025407202206
040804026201202206
040804026207202206
040804027001202206
040804027007202206
040804028901202206
040804028907202206
040804029701202206
040804029707202206
040804030001202206
040804030007202206
040804031901202206
040804031907202206
040804032701202206
040804032707202206
040804033501202206
040804033507202206
040804034301202206
040804034307202206
040805001201202206
040805001207202206
040805002001202206
040805002007202206
040805003901202206
040805003907202206
040805004701202206
040805004707202206
040805005501202206
040805006301202206
040805007101202206
040805008001202206
040805008007202206
040805010101202206
040805010107202206
040805011001202206
040805011007202206
040805012801202206
040805012807202206
040805013601202206
040805013607202206
040805014401202206
040805014407202206
040805014409202206
040805015201202206
040805015207202206
040805016001202206
040805016007202206
040805016009202206
040805017901202206
040805017907202206
040805019501202206
040805019507202206
040805019509202206
040805020901202206
040805020907202206
040805020909202206
040805021701202206
040805021707202206
040805021709202206
040805022501202206
040805022507202206
040805022509202206
040805023301202206
040805023307202206
040805024101202206
040805024107202206
040805024109202206
040805025001202206
040805025007202206
040805025009202206
040805026801202206
040805026807202206
040805026809202206
040805027601202206
040805027607202206
040805027609202206
040805028401202206
040805028407202206
040805028409202206
040805029201202206
040805029207202206
040805029209202206
040805030601202206
040805030607202206
040805031401202206
040805031407202206
040805032201202206
040805032207202206
040805032209202206
040805033001202206
040805033007202206
040805034901202206
040805034907202206
040805034909202206
040805035701202206
040805035707202206
040805035709202206
040805036501202206
040805036507202206
040805037301202206
040805037307202206
040805037309202206
040805038101202206
040805038107202206
040805039001202206
040805039007202206
040805039009202206
040805040301202206
040805041101202206
040805041107202206
040805042001202206
040805042007202206
040805043801202206
040805043807202206
040805044601202206
040805044607202206
040805044609202206
040805045401202206
040805045407202206
040805046201202206
040805046207202206
040805047001202206
040805047007202206
040805048901202206
040805048907202206
040805049701202206
040805049707202206
040805050001202206
040805050007202206
040805051901202206
040805051907202206
040805052701202206
040805052707202206
040805053501202206
040805053507202206
040805054301202206
040805054307202206
040805055101202206
040805055107202206
040805056001202206
040805056007202206
040805057801202206
040805057807202206
040805058601202206
040805058607202206
040805059401202206
040805059407202206
040805060801202206
040805060807202206
040805061601202206
040805061607202206
040805062401202206
040805062407202206
040805063201202206
040805063207202206
040805064001202206
040805064007202206
040805064009202206
040805065901202206
040805065907202206
040805065909202206
040805066701202206
040805066709202206
040805067501202206
040805067507202206
040805068301202206
040805068307202206
040805069101202206
040805069107202206
040805069109202206
040805070501202206
040805070507202206
040805071301202206
040805071307202206
040805072101202206
040805072107202206
040805073001202206
040805073007202206
040805073009202206
040805074801202206
040805074807202206
040805074809202206
040805075601202206
040805075607202206
040805075609202206
040805076401202206
040805076407202206
040805076409202206
040805077201202206
040805077207202206
040805078001202206
040805078007202206
040805079901202206
040805079907202206
040805080201202206
040805080207202206
040805081001202206
040805081007202206
040805082901202206
040805082907202206
040805082909202206
040805083701202206
040805083707202206
040805084501202206
040805084507202206
040805085301202206
040805085307202206
040805086101202206
040805086107202206
040805087001202206
040805087007202206
040805088801202206
040805088807202206
040805088809202206
040805089601202206
040805089607202206
040805089609202206
040805090001202206
040805091801202206
040805091807202206
040805091809202206
040805092601202206
040805092607202206
040805092609202206
040806001801202206
040806001807202206
040806001809202206
040806002601202206
040806002607202206
040806003401202206
040806003407202206
040806004201202206
040806004207202206
040806004209202206
040806005001202206
040806005007202206
040806005009202206
040806006901202206
040806006907202206
040806007701202206
040806007707202206
040806008501202206
040806008507202206
040806008509202206
040806009301202206
040806009307202206
040806010701202206
040806010707202206
040806011501202206
040806011507202206
040806011509202206
040806012301202206
040806012307202206
040806012309202206
040806013101202206
040806013107202206
040806013109202206
040806014001202206
040806014007202206
040806014009202206
040806015801202206
040806015807202206
040806015809202206
040806016601202206
040806016607202206
040806017401202206
040806017407202206
040806018201202206
040806018207202206
040806019001202206
040806019007202206
040806020401202206
040806020407202206
040806020409202206
040806021201202206
040806021207202206
040806021209202206
040806023901202206
040806023907202206
040806024701202206
040806024707202206
040806025501202206
040806025507202206
040806026301202206
040806026307202206
040806027101202206
040806027107202206
040806028001202206
040806028007202206
040806029801202206
040806029807202206
040806029809202206
040806030101202206
040806030107202206
040806030109202206
040806031001202206
040806031007202206
040806031009202206
040806032801202206
040806032807202206
040806032809202206
040806033601202206
040806033607202206
040806033609202206
040806034401202206
040806034407202206
040806034409202206
040806035201202206
040806035207202206
040806035209202206
040806036001202206
040806036007202206
040806036009202206
040806037901202206
040806037907202206
040806037909202206
040806038701202206
040806038707202206
040806039501202206
040806039507202206
040806039509202206
040806040901202206
040806040907202206
040806040909202206
040806041701202206
040806041707202206
040806041709202206
040806042501202206
040806042507202206
040806042509202206
040806043301202206
040806043307202206
040806043309202206
040806044101202206
040806044107202206
040806044109202206
040806045001202206
040806045007202206
040806045009202206
040806046801202206
040806046807202206
040806046809202206
040806047601202206
040806047607202206
040806047609202206
040806048401202206
040806048407202206
040806048409202206
040806049201202206
040806049207202206
040806050601202206
040806050607202206
040806051401202206
040806051407202206
040806052201202206
040806052207202206
040806053001202206
040806053007202206
040806053009202206
040806054901202206
040806054907202206
040806054909202206
040806055701202206
040806055707202206
040806056501202206
040806056507202206
040806056509202206
040806057301202206
040806057307202206
040806057309202206
040806058101202206
040806058107202206
040806058109202206
040806059001202206
040806059007202206
040806060301202206
040806060307202206
040806060309202206
040806061101202206
040806062001202206
040806062007202206
040806063801202206
040806063807202206
040806063809202206
040806064601202206
040806064607202206
040806066201202206
040806066207202206
040806067001202206
040806067007202206
040806067009202206
040806069701202206
040806069707202206
040806070001202206
040806070007202206
040806070009202206
040901001401202206
040901001407202206
040901002201202206
040901002207202206
040901003001202206
040901003007202206
040901004901202206
040901004907202206
040901005701202206
040901005707202206
040901006501202206
040901006507202206
040901006509202206
040901007301202206
040901007307202206
040901008101202206
040901008107202206
040901009001202206
040901009007202206
040901009009202206
040901012001202206
040901012007202206
040901012009202206
040901013801202206
040901013807202206
040901014601202206
040901014607202206
040901014609202206
040901017001202206
040901017007202206
040901017009202206
040901018901202206
040901018907202206
040901019701202206
040901019707202206
040901020001202206
040901020007202206
040901021901202206
040901022701202206
040901022707202206
040901023501202206
040901023507202206
040901024301202206
040901024307202206
040901025101202206
040901025107202206
040901026001202206
040901026007202206
040901028601202206
040901028607202206
040901029401202206
040901029407202206
040901030801202206
040901030807202206
040901031601202206
040901031607202206
040901032401202206
040901032407202206
040901033201202206
040901033207202206
040901034001202206
040901034007202206
040901036701202206
040901036707202206
040901037501202206
040901037507202206
040901037509202206
040901038301202206
040901038307202206
040901038309202206
040901039101202206
040901039107202206
040901039109202206
040901040501202206
040901040507202206
040901041301202206
040901041307202206
040901043001202206
040901043007202206
040901043009202206
040901045601202206
040901045607202206
040901046401202206
040901046407202206
040901047201202206
040901047207202206
040901048001202206
040901048007202206
040901048009202206
040901049901202206
040901050201202206
040901050207202206
040901051001202206
040901051007202206
040901051009202206
040901052901202206
040901052907202206
040901053701202206
040901053707202206
040901054501202206
040901054507202206
040901055301202206
040901055307202206
040901056101202206
040901056107202206
040901057001202206
040901057007202206
040901058801202206
040901058807202206
040901059601202206
040901059607202206
040901059609202206
040902001001202206
040902001007202206
040902001009202206
040902002801202206
040902002807202206
040902002809202206
040902004401202206
040902004407202206
040902004409202206
040902005201202206
040902005207202206
040902007901202206
040902007907202206
040902007909202206
040902008701202206
040902008707202206
040902008709202206
040902009501202206
040902009507202206
040902009509202206
040902010901202206
040902010907202206
040902010909202206
040902012501202206
040902012507202206
040902012509202206
040902013301202206
040902013307202206
040902013309202206
040902014101202206
040902014107202206
040902014109202206
040902015001202206
040902015007202206
040902015009202206
040902016801202206
040902016807202206
040902016809202206
040902017601202206
040902017607202206
040902017609202206
040903001501202206
040903001509202206
040903002301202206
040903003101202206
040903004001202206
040904001001202206
040904001007202206
040904001009202206
040904003701202206
040904003707202206
040904003709202206
040904004501202206
040904004507202206
040904005301202206
040904005307202206
040904005309202206
040904007001202206
040904007007202206
040904007009202206
040904008801202206
040904008807202206
040904008809202206
040904009601202206
040904009607202206
040904009609202206
040904011801202206
040904011807202206
040904011809202206
040904012601202206
040904012607202206
040904012609202206
040904013401202206
040904013407202206
040904013409202206
040904014201202206
040904014209202206
040904015001202206
040904015007202206
040904015009202206
040904016901202206
040904016907202206
040904016909202206
040904017701202206
040904017707202206
040904017709202206
040904018501202206
040904018507202206
040904018509202206
040904019301202206
040904019307202206
040904019309202206
040904020701202206
040904020707202206
040904020709202206
040904021501202206
040904021507202206
040904021509202206
040904022301202206
040904022309202206
040904023101202206
040904023107202206
040904023109202206
040904024001202206
040904024009202206
040905001601202206
040905001607202206
040905002401202206
040905002407202206
040905002409202206
040905003201202206
040905003209202206
040905004001202206
040905004007202206
040905004009202206
040905007501202206
040905007507202206
040905007509202206
040905008301202206
040905008307202206
040905008309202206
040905009101202206
040905009107202206
040905009109202206
040905010501202206
040905010507202206
040905010509202206
040905011301202206
040905011307202206
040905011309202206
040905013001202206
040905014801202206
040906001101202206
040906001102202206
040906001107202206
040906001109202206
040906002001202206
040906003801202206
040906003809202206
040906004601202206
040906004607202206
040906004609202206
040906005401202206
040906005402202206
040906005409202206
040906007001202206
040906007002202206
040906007009202206
040906010001202206
040906010007202206
040906011901202206
040906011907202206
040906012701202206
040906012707202206
040906013501202206
040906013507202206
040906014301202206
040906014307202206
040906015101202206
040906015107202206
040906016001202206
040906016007202206
040906017801202206
040906017807202206
040906017809202206
040906018601202206
040906018609202206
040906019401202206
040906019407202206
040906019409202206
040906020801202206
040906020807202206
040906020809202206
040906021601202206
040906021607202206
040906021609202206
040906022401202206
040906022407202206
040906022409202206
040906023201202206
040906023202202206
040906023207202206
040906023209202206
040906024001202206
040906024002202206
040906024007202206
040906024009202206
040906025901202206
040906025902202206
040906025907202206
040906025909202206
040906026701202206
040906026702202206
040906026707202206
040906026709202206
040906027501202206
040906027507202206
040906027509202206
040906028301202206
040906028307202206
040906029101202206
040907001701202206
040907001709202206
040907002501202206
040907002509202206
040907003301202206
040907003309202206
040907004101202206
040907004109202206
040907005001202206
040907006801202206
040907006809202206
040907007601202206
040907007609202206
040907008401202206
040907008409202206
040907009201202206
040907009207202206
040907009209202206
040907010601202206
040907010607202206
040907010609202206
040907011401202206
040907011407202206
040907013001202206
040907013007202206
040907013009202206
040907014901202206
040907014907202206
040907014909202206
040907015701202206
040907015707202206
040907015709202206
040907019001202206
040907019009202206
040907020301202206
040907021101202206
040907021107202206
040907022001202206
040907022007202206
040907022009202206
040907023801202206
040907023807202206
040907024601202206
040907024607202206
040907025401202206
040907025407202206
040907026201202206
040907026207202206
040907026209202206
040907027001202206
040907027009202206
040907028901202206
040907028907202206
040907028909202206
040907029701202206
040907030001202206
040907030009202206
040907031901202206
041001001401202206
041001001407202206
041001001409202206
041001005701202206
041001006501202206
041001006507202206
041001006509202206
041001007301202206
041001007307202206
041001007309202206
041001008101202206
041001008107202206
041001008109202206
041001009001202206
041001009009202206
041001011101202206
041001011107202206
041001011109202206
041001012001202206
041001012007202206
041001013801202206
041001014601202206
041001015401202206
041001016201202206
041001019701202206
041001020001202206
041101001801202206
041101001802202206
041101001809202206
041101002601202206
041101002602202206
041101003401202206
041101003402202206
041101004201202206
041101004202202206
041101005001202206
041101005002202206
041101005009202206
041101007701202206
041101007702202206
041101007709202206
041101008501202206
041101008502202206
041102001301202206
041102001302202206
041102001309202206
041102002101202206
041102002102202206
041102002109202206
041102003001202206
041102003002202206
041102004801202206
041102004802202206
041201001101202206
041201001107202206
041201002001202206
041201002007202206
041201003801202206
041201003807202206
041201003809202206
041201004601202206
041201004607202206
041201004609202206
041201007001202206
041201007007202206
041201008901202206
041201008907202206
041201009701202206
041201009707202206
041201010001202206
041201010007202206
041201011901202206
041201011907202206
041201013501202206
041201013507202206
041201014301202206
041201014307202206
041202001701202206
041202001707202206
041202002501202206
041202002507202206
041202003301202206
041202003307202206
041202005001202206
041202005007202206
041202006801202206
041202006807202206
041202007601202206
041202007607202206
041202008401202206
041202008407202206
041203001201202206
041203001207202206
041203004701202206
041203004707202206
041203008001202206
041203008007202206
041203009801202206
041203009807202206
041203009809202206
041203010101202206
041203010107202206
041203011001202206
041203011007202206
041204001801202206
041204001807202206
041204001809202206
041204002601202206
041204002607202206
041204003401202206
041204003407202206
041204004201202206
041204004207202206
041204005001202206
041204005007202206
041204006901202206
041204006907202206
041204008501202206
041204008507202206
041204008509202206
041204010701202206
041204010707202206
041204011501202206
041204011507202206
041204012301202206
041204012307202206
041204013101202206
041204013107202206
041204015801202206
041204015807202206
041204016601202206
041204016607202206
041204017401202206
041204017407202206
041204018201202206
041204018207202206
041204019001202206
041204019007202206
041204020401202206
041204020407202206
041204021201202206
041204021207202206
041204022001202206
041204022007202206
041204022009202206
041205001301202206
041205001307202206
041205003001202206
041205003007202206
041205004801202206
041205004807202206
041205006401202206
041205006407202206
041205007201202206
041205007207202206
041205008001202206
041205008007202206
041205010201202206
041205010207202206
041205011001202206
041205011007202206
041205013701202206
041205013707202206
041205014501202206
041205014507202206
041205015301202206
041205015307202206
041205016101202206
041205016107202206
041301001501202206
041301001507202206
041301006601202206
041301008201202206
041301008207202206
041301009001202206
041301009007202206
041303001601202206
041303001607202206
041303001609202206
041303002401202206
041303002407202206
041303002409202206
041303003201202206
041303003209202206
041303005901202206
041303005907202206
041303005909202206
041303006701202206
041303006709202206
041303007501202206
041303007509202206
041303008301202206
041303008307202206
041303008309202206
041304002001202206
041304002007202206
041304003801202206
041304004601202206
041304005401202206
041304005409202206
041304006201202206
041304006209202206
041304007001202206
041304007009202206
041304008901202206
041304008909202206
041304009701202206
041304009707202206
041304010001202206
041304010007202206
041304011901202206
041304011907202206
041304011909202206
041304012701202206
041304012707202206
041304012709202206
041304013501202206
041304013507202206
041304013509202206
041304014301202206
041304014307202206
041304014309202206
041304015101202206
041304015107202206
041304015109202206
041304016001202206
041304016007202206
041304017801202206
041304017807202206
041304018601202206
041304018607202206
041304018609202206
041304019401202206
041304019407202206
041304019409202206
041304020801202206
041304020807202206
041304020809202206
041304021601202206
041304021607202206
041304021609202206
041304022401202206
041304022407202206
041304022409202206
041304023201202206
041304023207202206
041304023209202206
041304024001202206
041304024007202206
041304025901202206
041304025909202206
041304026701202206
041401002701202206
041401003501202206
041401025601202206
041401025607202206
041401025609202206
041401027201202206
041401027207202206
041401027209202206
041401032901202206
041401032907202206
041401032909202206
041401034501202206
041401034507202206
041401034509202206
041402002201202206
041402002203202206
041402002207202206
041402002209202206
041402003001202206
041402003003202206
041402003007202206
041402003009202206
041402004901202206
041402004903202206
041402004907202206
041402004909202206
041402005701202206
041402005703202206
041402005707202206
041402005709202206
041402006501202206
041402006503202206
041402006507202206
041402006509202206
041402007301202206
041402007303202206
041402007307202206
041402007309202206
041402008101202206
041402008103202206
041402008107202206
041402008109202206
041402009001202206
041402009003202206
041402009007202206
041402009009202206
041402014601202206
041402014603202206
041402014607202206
041402014609202206
041402015401202206
041402015403202206
041402015407202206
041402015409202206
041402016201202206
041402016203202206
041402016207202206
041402016209202206
041402020001202206
041402020003202206
041402020007202206
041402020009202206
041402021901202206
041402021903202206
041402021907202206
041402021909202206
041402024301202206
041402024303202206
041402024307202206
041402024309202206
041402027801202206
041402027803202206
041402027807202206
041402027809202206
041402029401202206
041402029403202206
041402029407202206
041402029409202206
041402036701202206
041402036703202206
041402036707202206
041402036709202206
041402037501202206
041402037503202206
041402037507202206
041402037509202206
041402041301202206
041402041303202206
041402041307202206
041402041309202206
041501001201202206
041501001207202206
041502001801202206
041502003401202206
041502003407202206
041502004201202206
041502004207202206
041502005001202206
041502005007202206
041502006901202206
041502006907202206
041502007701202206
041502007707202206
041503001301202206
041503001307202206
041504002701202206
041504002707202206
041504003501202206
041504003507202206
041601001601202206
041601001607202206
041601002401202206
041601002407202206
041601003201202206
041601003207202206
041601004001202206
041601004007202206
041601007501202206
041601007507202206
041601009101202206
041601009107202206
041601011301202206
041601011307202206
041601011309202206
041601012101202206
041601013001202206
041601016401202206
041601016407202206
041601017201202206
041601017207202206
041601017209202206
041601018001202206
041601018007202206
041601019901202206
041601019907202206
041601020201202206
041601020207202206
041601021001202206
041601021007202206
041601022901202206
041601022907202206
041602002001202206
041602002007202206
041602015101202206
041602015107202206
041602016001202206
041602016007202206
041602017801202206
041602017807202206
041602017809202206
041602018601202206
041602018607202206
041602018609202206
041602019401202206
041602019407202206
041602020801202206
041602020807202206
041602021601202206
041602021607202206
041602021609202206
041602022401202206
041602022407202206
041602023201202206
041602023207202206
041602024001202206
041602024007202206
041602024009202206
041602025901202206
041602025907202206
041603001701202206
041603001707202206
041603001709202206
041603002501202206
041603002507202206
041603002509202206
041603003301202206
041603003307202206
041603003309202206
041603004101202206
041603004107202206
041603004109202206
041603006801202206
041603006807202206
041603007601202206
041603008401202206
041603008407202206
041603009201202206
041603009207202206
041603014901202206
041603014907202206
041603014909202206
041603015701202206
041603015707202206
041603015709202206
041603016501202206
041603016507202206
041603017301202206
041603017307202206
041603018101202206
041603018107202206
041603019001202206
041603020301202206
041603020307202206
041603021101202206
041603021107202206
041603022001202206
041603022007202206
041603023801202206
041603023807202206
041603024601202206
041603024607202206
041603025401202206
041603026201202206
041603027001202206
041603027007202206
041603028901202206
041603029701202206
041603030001202206
041603030007202206
041603031901202206
041603031907202206
041603032701202206
041603032707202206
041603032709202206
041603033501202206
041603033507202206
041603033509202206
041603034301202206
041603034307202206
041603035101202206
041603035107202206
041603035109202206
041603036001202206
041603036007202206
041604001201202206
041604001207202206
041604002001202206
041604002007202206
041604003901202206
041604003907202206
041604004701202206
041604004707202206
041604005501202206
041604005507202206
041604007101202206
041604007107202206
041604010101202206
041604010107202206
041604011001202206
041604011007202206
041604012801202206
041604012807202206
041604014401202206
041604014407202206
041604017901202206
041604017909202206
041604018701202206
041604018709202206
041604019501202206
041604019509202206
041604020901202206
041604020907202206
041604021701202206
041604021707202206
041604022501202206
041604022507202206
041604023301202206
041604023307202206
041604024101202206
041604024107202206
041604025001202206
041604025007202206
041604026801202206
041604026807202206
041604027601202206
041604027607202206
041604028401202206
041604029201202206
041604030601202206
041605001801202206
041605001807202206
041605002601202206
041605002607202206
041605003401202206
041605003407202206
041605005001202206
041605005007202206
041605007701202206
041605007707202206
041605009301202206
041605009307202206
041605010701202206
041605010707202206
041605011501202206
041605011507202206
041606001301202206
041606001307202206
041606001309202206
041606002101202206
041606002107202206
041606003001202206
041606003007202206
041606005601202206
041606005607202206
041606006401202206
041606006407202206
041606008001202206
041606008007202206
041606009901202206
041606009907202206
041606010201202206
041606010207202206
041606011001202206
041606011007202206
041606012901202206
041606012907202206
041608001401202206
041608001407202206
041608001409202206
041608003001202206
041608003007202206
041608003009202206
041608008101202206
041608008107202206
041608009001202206
041608009007202206
041608011101202206
041608011107202206
041608012001202206
041608012007202206
041608012009202206
041609001001202206
041609001007202206
041609002801202206
041609002807202206
041609003601202206
041609003607202206
041609007901202206
041609007907202206
041609010901202206
041609010907202206
041609011701202206
041609011707202206
041609012501202206
041609012507202206
041609013301202206
041609013307202206
041611001001202206
041611001007202206
041611002901202206
041611002907202206
041611003701202206
041611003707202206
041611004501202206
041611004507202206
041611005301202206
041611005307202206
041611006101202206
041611006107202206
041611007001202206
041611007007202206
041611008801202206
041611008807202206
041612002401202206
041612003201202206
041612004001202206
041612004009202206
041612005901202206
041612005909202206
050103006901202206
050103006903202206
050103006907202206
050201001074202206
050201001075202206
050201001076202206
050201001077202206
050201001078202206
050201001079202206
050201002977202206
050201002978202206
050201002979202206
050201002980202206
050201002981202206
050201002982202206
050301001401202206
050301001403202206
050301001474202206
050301001475202206
050301001476202206
050301001477202206
050301001478202206
050301001479202206
050301001480202206
050301001481202206
050301001482202206
050301002201202206
050301002274202206
050301002275202206
050301002276202206
050301002277202206
050301002278202206
050301002279202206
050301002280202206
050301002281202206
050301002282202206
050302001001202206
050302002801202206
050303001574202206
050303001575202206
050303001576202206
050303001577202206
050303001578202206
050303001579202206
050303001580202206
050303001581202206
050303001582202206
050303002301202206
050303002374202206
050303002375202206
050303002376202206
050303002377202206
050303002378202206
050303002379202206
050303002380202206
050303002381202206
050303002382202206
050303003101202206
050303003174202206
050303003175202206
050303003176202206
050303003177202206
050303003178202206
050303003179202206
050303003180202206
050303003181202206
050303003182202206
050303004001202206
050303004074202206
050303004075202206
050303004076202206
050303004077202206
050303004078202206
050303004080202206
050303004081202206
050303004082202206
050303005801202206
050303005874202206
050303005875202206
050303005876202206
050303005877202206
050303005878202206
050303005879202206
050303005880202206
050303005881202206
050303005882202206
050303006601202206
050303006674202206
050303006675202206
050303006676202206
050303006677202206
050303006678202206
050303006679202206
050303006680202206
050303006681202206
050303006682202206
050303007401202206
050303007474202206
050303007475202206
050303007476202206
050303007477202206
050303007478202206
050303007479202206
050303007480202206
050303007481202206
050303007482202206
050303008201202206
050303008274202206
050303008275202206
050303008276202206
050303008277202206
050303008278202206
050303008279202206
050303008280202206
050303008281202206
050303008282202206
050303009001202206
050303009074202206
050303009075202206
050303009076202206
050303009077202206
050303009078202206
050303009079202206
050303009080202206
050303009081202206
050303009082202206
050303010401202206
050303010474202206
050303010475202206
050303010476202206
050303010477202206
050303010478202206
050303010479202206
050303010480202206
050303010481202206
050303010482202206
050304004574202206
050304004575202206
050304004576202206
050304004577202206
050304004578202206
050304004579202206
050304004580202206
050304004581202206
050304004582202206
050501001103202206
050501001107202206
050501002003202206
050501002007202206
050501003803202206
050501003807202206
050501004603202206
050501004607202206
050501005403202206
050501005407202206
050501006203202206
050501006207202206
050501007003202206
050501007007202206
050501008903202206
050501008907202206
050501009701202206
050501009707202206
050501009709202206
050501012701202206
050501012707202206
050501012709202206
050501013501202206
050501013507202206
050501013509202206
050502004101202206
050502004107202206
050502005001202206
050502005007202206
050502006801202206
050502007601202206
050502008401202206
050502009201202206
050502010601202206
050502011401202206
050502011407202206
050502012201202206
050602001012202206
050602002912202206
050602003712202206
050602004503202206
050602004507202206
050602004509202206
050602004512202206
050602005301202206
050602005303202206
050602005307202206
050602006101202206
050602006103202206
050602006107202206
050602007001202206
050602007003202206
050602007007202206
050602008801202206
050602008803202206
050602008807202206
050602009601202206
050602009603202206
050602009607202206
050602010001202206
050602010003202206
050602010007202206
050602011801202206
050602011803202206
050602011807202206
070209005001202206
070209005007202206
070209006901202206
070209006907202206
080201006765202206
080201007579202206
080201008375202206
080201009176202206
080201010574202206
080201011383202206
080201012181202206
080201013082202206
080201014877202206
080201015678202206
080201016480202206
080201021085202206
080201022986202206
080201023792202206
080201024593202206
080201025387202206
080201026187202206
080201027087202206
